WinProb = 50

P1PER = 20
P2PER = 19
P3PER = 12
P4PER = 20
P5PER = 13

P1OWS = 4
P2OWS = 2
P3OWS = 3
P4OWS = 3
P5OWS = 1.5

P1DWS = 1.2
P2DWS = 1.6
P3DWS = 2
P4DWS = 0.3
P5DWS = 1.5

BaseTeamPER = 13.24702495
BaseTeamOWS = 1.237236084
BaseTeamDWS = 1.155278311

PERSD = 7.058072014
OWSSD = 1.854836516
DWSSD = 1.106543461
